,1. open,2. high,3. low,4. close,5. volume
2024-08-08,1134.95,1142.45,1126.05,1137.7,92660.0
2024-08-07,1139.95,1144.1,1126.95,1137.3,44816.0
2024-08-06,1135.15,1150.8,1123.15,1125.85,59871.0
2024-08-05,1131.05,1151.15,1124.4,1133.45,674110.0
2024-08-02,1168.45,1168.45,1156.0,1161.1,444399.0
2024-08-01,1167.45,1175.5,1165.5,1172.2,159148.0
2024-07-31,1164.45,1170.85,1154.1,1166.2,109765.0
2024-07-30,1165.0,1179.95,1160.3,1169.85,1219269.0
2024-07-29,1183.95,1194.9,1164.0,1170.65,1334845.0
2024-07-26,1167.75,1183.2,1154.8,1177.6,468490.0
2024-07-25,1206.95,1206.95,1156.0,1175.35,626801.0
2024-07-24,1263.0,1267.0,1227.0,1239.75,99060.0
2024-07-23,1286.4,1291.35,1251.5,1262.8,128060.0
2024-07-22,1288.85,1290.95,1278.5,1283.8,438230.0
2024-07-19,1305.2,1305.9,1288.0,1292.1,395930.0
2024-07-18,1300.0,1318.0,1294.8,1309.1,225180.0
2024-07-16,1307.65,1315.0,1300.05,1303.95,80840.0
2024-07-15,1318.95,1324.55,1305.6,1307.65,1040000.0
2024-07-12,1291.65,1339.55,1291.65,1317.8,624350.0
2024-07-11,1299.0,1301.1,1276.6,1296.8,133620.0
2024-07-10,1288.85,1294.0,1276.0,1292.1,64390.0
2024-07-09,1286.4,1292.25,1279.25,1289.05,38440.0
2024-07-08,1280.3,1297.95,1279.55,1287.35,300120.0
2024-07-05,1276.75,1295.0,1273.8,1287.3,536420.0
2024-07-04,1289.0,1292.9,1268.6,1280.25,81940.0
2024-07-03,1255.2,1288.15,1243.05,1279.75,232760.0
2024-07-02,1264.9,1265.0,1238.9,1253.75,82610.0
2024-07-01,1274.7,1274.7,1256.3,1261.7,606190.0
2024-06-28,1288.85,1289.95,1261.45,1265.7,447970.0
2024-06-27,1306.35,1308.55,1280.0,1288.85,314270.0
2024-06-26,1277.05,1292.45,1259.4,1285.9,97700.0
2024-06-25,1239.65,1278.0,1226.05,1269.9,317100.0
2024-06-24,1235.45,1235.45,1225.3,1228.1,924430.0
2024-06-21,1245.05,1245.95,1223.4,1236.9,872963.0
2024-06-20,1233.95,1241.55,1220.4,1238.95,118212.0
2024-06-19,1194.9,1243.0,1186.65,1226.25,257409.0
2024-06-18,1190.0,1193.05,1181.4,1191.25,72845.0
2024-06-14,1176.25,1184.25,1170.5,1180.55,651288.0
2024-06-13,1200.6,1201.2,1173.35,1174.4,60226.0
2024-06-12,1190.85,1205.9,1184.05,1187.45,102174.0
2024-06-11,1205.0,1209.2,1190.7,1193.85,124776.0
2024-06-10,1193.95,1212.0,1185.4,1200.45,907913.0
2024-06-07,1175.95,1195.25,1166.7,1186.7,920992.0
2024-06-06,1188.75,1195.9,1163.7,1171.55,132542.0
2024-06-05,1133.1,1192.4,1111.0,1184.6,235010.0
2024-06-04,1223.9,1223.9,1101.65,1131.8,690013.0
2024-06-03,1185.1,1241.9,1185.1,1224.05,1006647.0
2024-05-31,1173.2,1178.4,1153.4,1161.75,636239.0
2024-05-30,1157.0,1179.25,1155.65,1171.35,186173.0
2024-05-29,1174.95,1184.55,1156.25,1159.7,58619.0
2024-05-28,1189.95,1192.0,1178.8,1182.4,126425.0
2024-05-27,1180.0,1196.0,1168.5,1187.25,566686.0
2024-05-24,1165.0,1176.95,1160.85,1174.25,371475.0
2024-05-23,1126.0,1169.5,1126.0,1164.95,299775.0
2024-05-22,1147.95,1147.95,1118.75,1127.7,76219.0
2024-05-21,1137.0,1145.2,1129.15,1137.6,79431.0
2024-05-17,1130.85,1146.25,1126.0,1141.4,500927.0
2024-05-16,1132.3,1144.15,1111.65,1140.15,163197.0
2024-05-15,1125.75,1130.5,1119.0,1127.6,87974.0
2024-05-14,1127.05,1135.65,1118.3,1122.35,81299.0
2024-05-13,1115.15,1136.25,1105.55,1134.85,262993.0
2024-05-10,1123.0,1140.0,1113.45,1119.9,405033.0
2024-05-09,1121.1,1133.5,1112.0,1115.2,83802.0
2024-05-08,1123.45,1135.25,1118.75,1128.85,63872.0
2024-05-07,1145.65,1148.5,1124.1,1127.45,126167.0
2024-05-06,1143.25,1156.2,1137.2,1144.15,171454.0
2024-05-03,1150.65,1162.6,1134.0,1141.05,190924.0
2024-05-02,1157.2,1173.45,1148.5,1149.75,166922.0
2024-04-30,1163.2,1182.8,1155.0,1166.15,274461.0
2024-04-29,1131.45,1164.1,1125.15,1159.45,352734.0
2024-04-26,1131.4,1141.05,1122.6,1130.05,558432.0
2024-04-25,1098.3,1133.65,1086.1,1127.35,1159891.0
2024-04-24,1055.45,1069.0,1055.45,1063.7,118922.0
2024-04-23,1058.65,1060.0,1049.2,1056.45,55715.0
2024-04-22,1036.0,1058.3,1035.0,1053.7,467608.0
2024-04-19,1013.05,1036.9,995.95,1029.5,800376.0
2024-04-18,1049.95,1051.0,1013.75,1024.15,185932.0
2024-04-16,1049.0,1057.5,1044.5,1052.8,114091.0
2024-04-15,1062.05,1070.0,1055.7,1058.55,265799.0
2024-04-12,1079.95,1096.0,1071.1,1073.6,519450.0
2024-04-10,1087.1,1092.85,1080.8,1087.3,149345.0
2024-04-09,1094.0,1094.0,1071.35,1080.75,33569230.0
2024-04-08,1067.0,1079.25,1063.2,1075.2,398055.0
2024-04-05,1061.65,1062.9,1048.0,1058.2,286646.0
2024-04-04,1068.9,1080.75,1059.25,1062.7,144092.0
2024-04-03,1042.45,1070.0,1042.45,1063.4,163986.0
2024-04-02,1052.8,1055.0,1040.3,1047.6,92175.0
2024-04-01,1048.0,1063.3,1048.0,1052.95,179436.0
2024-03-28,1054.0,1058.45,1044.55,1048.3,323012.0
2024-03-27,1050.0,1057.05,1044.2,1053.6,139312.0
2024-03-26,1029.75,1044.0,1027.8,1040.75,5062812.0
2024-03-22,1038.05,1047.0,1030.0,1034.0,541999.0
2024-03-21,1037.55,1050.05,1028.45,1036.2,178710.0
2024-03-20,1051.0,1057.35,1031.4,1033.5,78121.0
2024-03-19,1058.15,1060.75,1047.0,1049.6,53780.0
2024-03-18,1045.3,1066.7,1043.3,1061.35,272522.0
2024-03-15,1057.65,1057.65,1030.6,1048.3,464976.0
2024-03-14,1062.3,1081.35,1056.0,1058.5,44027.0
2024-03-13,1089.05,1099.25,1070.9,1079.7,78939.0
2024-03-12,1103.45,1121.0,1085.0,1096.25,188711.0
